"Epic","Feature","Story","FAILED","BROKEN","PASSED","SKIPPED","UNKNOWN"
"","Nightly tests","","5","0","29","0","0"
"","Docuseries tests","","1","0","20","0","0"
"","Supplement tests","","0","0","16","0","0"
