"DESCRIPTION","DURATION IN MS","NAME","PARENT SUITE","START TIME","STATUS","STOP TIME","SUB SUITE","SUITE","TEST CLASS","TEST METHOD"
"","151989","Restore Gut Supplement funnel -- @1.7 ","","2026-04-15","passed","2026-04-15","","","",""
"","121109","Restore Gut Supplement funnel -- @1.10 ","","2026-04-15","passed","2026-04-15","","","",""
"","153399","Restore Gut Supplement funnel -- @1.9 ","","2026-04-15","passed","2026-04-15","","","",""
"","152244","Restore Gut Supplement funnel -- @1.14 ","","2026-04-15","passed","2026-04-15","","","",""
"","151467","Restore Gut Supplement funnel -- @1.15 ","","2026-04-15","passed","2026-04-15","","","",""
"","148018","Restore Gut Supplement funnel -- @1.16 ","","2026-04-15","passed","2026-04-15","","","",""
"","152673","Restore Gut Supplement funnel -- @1.13 ","","2026-04-15","passed","2026-04-15","","","",""
"","131803","Restore Gut Supplement funnel -- @1.11 ","","2026-04-15","passed","2026-04-15","","","",""
"","151565","Restore Gut Supplement funnel -- @1.4 ","","2026-04-15","passed","2026-04-15","","","",""
"","146966","Restore Gut Supplement funnel -- @1.5 ","","2026-04-15","passed","2026-04-15","","","",""
"","116305","Restore Gut Supplement funnel -- @1.1 ","","2026-04-15","passed","2026-04-15","","","",""
"","153718","Restore Gut Supplement funnel -- @1.2 ","","2026-04-15","passed","2026-04-15","","","",""
"","152323","Restore Gut Supplement funnel -- @1.12 ","","2026-04-15","passed","2026-04-15","","","",""
"","155107","Restore Gut Supplement funnel -- @1.8 ","","2026-04-15","passed","2026-04-15","","","",""
"","121742","Restore Gut Supplement funnel -- @1.6 ","","2026-04-15","passed","2026-04-15","","","",""
"","154418","Restore Gut Supplement funnel -- @1.3 ","","2026-04-15","passed","2026-04-15","","","",""
